presidente
(3,0.1396,4,0.17095,5,0.4262,6,0.4405,7,0.4491,8,0.4866,9,0.5278,10,0.58,11,0.5854,12,0.5915,13,0.603,14,0.6246,15,0.65,16,0.7622,17,0.8212,18,0.826,19,0.8355,20,0.8963,21,1)

diputados listado nacional
(3	,	0.0466 ,	4	,	0.1262 ,	5	,	0.1701 ,	6	,	0.3493 ,	7	,	0.3948 ,	8	,	0.4241 ,	9	,	0.4434 ,	10	,	0.4957 ,	11	,	0.5307 ,	12	,	0.5853 ,	13	,	0.6027 ,	14	,	0.6305 ,	15	,	0.6577 ,	16	,	0.6651 ,	17	,	0.698 ,	18	,	0.7231 ,	19	,	0.7755 ,	20	,	0.8225 ,	21	,	0.8665 ,	22	,	0.8787 ,	23	,	0.885,	24	,	0.9018 ,	25	,	0.9497 ,	26	,	0.9615 ,	27	,	0.9702 ,	28	,	1)

diputaods distrales
(3	,	0.0076,	4	,	0.0697,	5	,	0.0798,	6	,	0.1101,	7	,	0.1429,	8	,	0.2176,	9	,	0.2793,	10	,	0.3356,	11	,	0.3475,	12	,	0.3785,	13	,	0.3928,	14	,	0.4349,	15	,	0.4989,	16	,	0.5071,	17	,	0.525,	18	,	0.5332,	19	,	0.5482 ,	20	,	0.5614 ,	21	,	0.7254 ,	22	,	0.739 ,	23	,	0.8132 ,	24	,	0.8388 ,	25	,	0.9549 ,	26	,	0.9671 ,	27	,	0.9762 ,	28	,	1)

corporacion municiopal
(3	,	0.0086 ,	4	,	0.3915 ,	5	,	0.4093 ,	6	,	0.4131 ,	7	,	0.4175 ,	8	,	0.7661 ,	9	,	0.7739 ,	10	,	0.7909 ,	11	,	0.7979 ,	12	,	0.8026 ,	13	,	0.8269 ,	14	,	0.8429 ,	15	,	0.9397 ,	16	,	0.9615 ,	17	,	0.9813 ,	18	,	0.9848 ,	19	,	0.9964 ,	20	,	1)

diputados parlamento centroamericano
(3	,	0.0125 ,	4	,	0.0395 ,	5	,	0.1289 ,	6	,	0.1533 ,	7	,	0.2051 ,	8	,	0.2587 ,	9	,	0.3228 ,	10	,	0.3913 ,	11	,	0.4073 ,	12	,	0.4419 ,	13	,	0.4745 ,	14	,	0.5243 ,	15	,	0.7143 ,	16	,	0.7436 ,	17	,	0.7501 ,	18	,	0.7821 ,	19	,	0.8124 ,	20	,	0.86 ,	21	,	0.8794 ,	22	,	0.9322 ,	23	,	0.9461 ,	24	,	0.987 ,	25	,	1)



PRESIDENTE
"VAMOS",0.1396,"TODOS",0.1709,"UNE",0.4262,"UNIONISTA",0.4405,"CONVERGENCIA",0.4491,"CREO",0.4866,"FCN",0.5278,"WINAQ",0.5800,"PPT",0.5854,"UNIDOS",0.5915,"EG",0.6030,"URNG",0.6246,"VICTORI",0.6500,"PHG",0.7622,"VIVA",0.8212,"AVANZA",0.8260,"LIBRE",0.8355,"PAN",0.8963,"MLP",1.0000

DIPUTADOS  LISTADO NACIONAL
"PHG",0.0466,"VAMOS",0.1262,"TODOS",0.1701,"UNE",0.3493,"VALOR",0.3948,"UNIONISTA",0.4241,"FUERZA",0.4434,"FCN-NACION",0.4957,"WINAQ",0.5307,"UCN",0.5853,"EG",0.6027,"URNG MAIZ",0.6305,"PAN",0.6577,"PPT",0.6651,"PC",0.698,"VICTORIA",0.7231,"SEMILLA",0.7755,"VIVA",0.8225,"CREO",0.8665,"CONVERGENICA",0.8787,"UNDIOS",0.885,"PODEMOS",0.9018,"BIEN",0.9497,"LIBRE",0.9615,"AVANZA",0.9702,"MLP",1

DIPUTADOS DISTRITALES
"PPT",0.0076,"VAMOS",0.0697,"FUERZA",0.0798,"TODOS",0.1101,"UNE",0.1429,"UNIONISTA",0.2176,"VALOR",0.2793,"WINAQ",0.3356,"UCN",0.3475,"EG",0.3785,"CONVERGENCIA",0.3928,"PAN",0.4349,"PHG",0.4989,"PC",0.5071,"BIEN",0.5250,"UNIDOS",0.5332,"PODEMOS",0.5482,"FCN",0.5614,"SEMILLA",0.7254,"VICTORIA",0.7390,"VIVA",0.8132,"URGN",0.8388,"CREO",0.9549,"LIBRE",0.9671,"AVANZA",0.9762,"MLP",1

DIPUTADOS PARLAMENTO
"LIBRE",0.0125,"UNIONISTA",0.0395,"VAMOS",0.1289,"FUERZA",0.1533,"TODOS",0.2051,"VALOR",0.2587,"FCN",0.3228,"UCN",0.3913,"EG",0.4073,"WINAQ",0.4419,"SEMILA",0.4745,"CREO",0.5243,"UNE",0.7143,"PAN",0.7436,"UNIDOS",0.7501,"URGN",0.7821,"VICTORIA",0.8124,"VIVA",0.8600,"PODEMOS",0.8794,"BIEN",0.9322,"CONVERGENCIA",0.9461,"PC",0.9870,"AVANZA",1

COORPORACION MUNICIPAL
"UCN",0.0086,"UNIONISTA",0.3915,"PHG",0.4093,"CONVERGENCIA",0.4131,"VICTORIA",0.4175,"CREO",0.7661,"PPT",0.7739,"EG",0.7909,"TODOS",0.7979,"FCN",0.8026,"VIVA",0.8269,"UNE",0.8429,"SEMILLA",0.9397,"VAMOS",0.9615,"FUERZA",0.9813,"BIEN",0.9848,"LIBRE",0.9964,"PC",1

